CNN_FashionMNIST_inference:
    SGX : 0.31951403617858887
    RAW : 0.007686614990234375

MLP_FashionMNIST_inferece:
    SGX : 0.007039785385131836
    RAW : 0.00173187255859375